Gear_Ratio = 1      ;
J = 9.31e-4         ;
D = 1.5e-3          ;
Kt= 0.00767         ;
Kb = 0.00767        ;
R= 2.6              ;
L =0.001            ;
