Gear_Ratio = 1;
J = 9.31e-4;
D = 1.5e-3;
Kt= 0.00767;
Kb = 0.00767;
R= 2.6;
L =0.001;
%%%
D = 6.356810279549663e-05
J = 
Kb = 0.07269
Kt = 0.08163
L = 0.0007743
R = 7.0928